18 19
26 19 21 22 24 29 26 19 21 18 17 25 33 22 33 32 30 265 
19 27 26 16 14 18 24 29 27 15 19 15 14 15 32 21 31 26 294 
124 196 263 410 342 341 368 189 476 488 492 92 180 245 431 153 401 464 250 
423 123 468 494 346 485 439 221 446 468 318 192 142 395 338 179 480 345 172 
223 100 53 50 154 67 374 242 146 496 310 172 121 287 478 216 210 382 85 
273 380 445 336 353 221 481 273 194 215 294 152 287 119 96 327 89 354 172 
160 259 186 278 271 90 174 161 499 232 276 192 472 488 332 50 55 418 312 
88 148 284 306 122 264 443 404 393 218 488 174 171 196 73 481 306 377 342 
208 345 351 146 149 84 448 75 385 289 80 253 496 422 165 298 114 51 305 
438 483 168 471 218 120 219 129 61 202 381 120 392 494 454 173 128 495 116 
396 430 254 177 362 271 174 53 464 424 361 399 250 315 379 318 94 458 195 
441 345 236 354 404 325 98 54 370 139 363 176 221 215 336 394 429 152 112 
278 180 218 82 442 65 317 57 296 150 65 207 172 300 118 120 239 56 185 
263 324 265 431 101 488 224 77 156 101 89 449 55 388 291 63 208 79 474 
141 200 265 418 343 76 252 142 409 384 157 164 127 69 357 371 85 282 388 
191 320 247 112 395 189 195 253 170 385 470 90 394 94 343 94 170 226 398 
55 412 347 66 219 443 68 353 337 288 258 263 98 97 62 307 94 484 459 
199 391 291 144 269 54 85 268 105 188 376 295 80 129 316 105 379 77 277 
310 191 163 396 379 131 194 69 402 288 321 182 289 117 238 208 313 288 85 
439 247 51 483 94 486 126 427 317 393 342 426 249 288 282 167 98 287 423 
