14 18
24 20 31 20 30 22 30 18 33 27 31 23 25 179 
24 24 15 13 15 12 26 16 26 17 13 15 16 17 19 24 24 197 
322 146 226 439 427 330 495 359 489 148 491 257 292 83 240 304 345 219 
384 128 448 416 357 365 137 462 285 353 287 219 346 412 119 431 424 94 
467 261 456 491 441 305 150 279 379 222 182 297 69 433 417 138 333 367 
371 299 232 396 395 77 296 219 127 229 352 101 341 463 173 383 183 133 
486 365 135 431 222 65 349 55 464 348 298 113 99 368 144 282 175 278 
212 353 498 154 307 403 336 368 227 371 379 348 232 249 242 274 216 183 
416 284 97 409 472 147 178 388 447 178 292 53 463 354 360 381 154 158 
231 117 151 90 325 282 239 380 218 243 79 115 303 471 395 197 203 437 
253 294 155 204 266 352 330 151 156 133 217 389 285 171 271 478 485 265 
381 313 224 81 185 143 180 259 363 302 107 272 129 389 348 252 73 211 
438 77 285 134 388 220 380 110 99 496 232 155 226 432 417 422 416 72 
438 291 72 206 102 292 212 87 90 91 174 226 319 447 432 255 346 480 
411 320 114 144 446 205 447 448 142 499 193 352 328 420 143 107 127 149 
251 235 247 442 168 112 407 51 436 355 483 107 444 177 265 365 139 302 
