8 18
295 306 274 246 444 311 248 2273 
158 150 181 108 143 137 181 212 145 118 195 214 162 217 216 146 98 1616 
214 72 124 460 62 446 471 245 333 50 500 309 179 190 443 157 70 295 
328 465 356 50 418 341 400 164 451 182 136 97 285 136 386 150 272 433 
282 237 61 394 243 378 190 323 62 91 185 259 74 500 70 237 372 255 
316 419 363 60 416 145 411 176 272 233 61 426 439 161 400 487 107 306 
321 451 261 73 397 244 481 329 419 410 417 222 443 489 396 203 486 236 
309 407 72 405 292 95 237 142 87 268 381 307 463 105 250 222 127 340 
273 272 93 409 297 474 446 59 62 450 184 439 265 76 331 117 268 156 
251 295 83 478 454 495 117 495 308 89 300 368 275 172 107 190 110 101 
