14 18
81 61 116 108 101 117 91 63 114 67 70 116 107 909 
48 59 106 96 54 57 85 59 74 56 60 72 87 95 69 65 55 924 
236 302 222 261 414 423 339 301 402 313 113 490 127 462 253 70 65 396 
221 394 99 116 69 341 174 436 435 189 247 280 254 84 306 330 281 63 
420 198 158 311 136 131 208 120 428 200 361 340 354 353 204 365 207 465 
210 160 475 102 452 274 143 458 445 343 409 77 123 157 136 130 59 189 
440 447 334 161 375 340 127 431 481 222 335 155 457 195 173 481 370 108 
328 428 130 265 445 203 476 379 366 300 436 73 322 64 167 278 375 274 
178 403 160 50 184 154 485 350 91 75 404 424 389 97 397 200 369 256 
328 143 108 355 401 220 332 104 267 465 410 306 294 436 286 184 74 417 
413 82 439 260 158 121 127 403 282 108 452 428 500 479 180 150 389 382 
300 292 291 130 330 141 334 85 416 483 373 298 341 408 480 468 253 82 
348 388 178 406 74 388 402 177 141 439 271 270 252 334 385 254 429 468 
365 156 119 451 150 417 233 436 121 133 67 474 200 143 233 233 393 63 
323 277 76 391 427 184 122 490 301 62 246 461 359 498 77 479 205 373 
470 207 133 84 241 266 286 210 162 305 69 275 427 450 303 105 455 348 
