14 15
51 35 39 53 52 33 30 50 25 45 48 35 46 300 
30 45 26 41 32 35 23 49 23 39 25 27 43 49 355 
103 272 85 57 96 64 428 469 207 300 88 425 480 224 293 
320 138 236 132 408 189 451 392 137 166 450 266 50 348 276 
457 283 174 90 116 71 222 121 363 440 344 337 253 425 85 
432 291 331 80 242 311 262 257 406 436 286 125 234 153 91 
308 263 309 394 304 325 337 450 273 250 170 185 148 55 259 
385 457 169 464 368 496 101 95 191 442 450 362 115 400 316 
220 82 312 232 420 228 167 265 419 208 384 381 340 373 479 
216 145 84 402 188 447 460 427 254 447 379 325 335 177 386 
479 130 258 401 417 267 426 375 462 120 78 372 76 153 315 
78 68 434 217 382 77 250 186 219 353 84 176 355 272 67 
293 53 135 475 57 176 452 55 456 364 195 85 476 417 356 
409 62 305 103 257 218 86 186 188 179 426 199 430 462 185 
93 461 116 335 266 420 142 351 449 391 121 446 289 286 400 
482 316 424 456 323 235 360 98 332 460 174 439 395 345 139 
