10 13
97 71 78 75 86 54 62 96 94 386 
49 57 71 35 57 40 44 67 40 46 52 36 505 
237 138 287 314 66 293 167 320 146 274 428 333 236 
296 200 115 256 53 440 57 492 125 198 342 342 200 
299 191 330 53 95 276 446 278 251 140 445 422 52 
75 199 80 288 320 479 484 297 383 319 424 166 179 
58 370 178 145 182 377 437 211 394 369 142 216 309 
152 225 444 404 137 289 411 136 258 128 170 56 369 
467 430 258 492 59 225 258 413 390 336 268 213 449 
205 454 140 281 126 343 375 390 95 206 256 355 456 
341 326 194 407 251 107 352 458 240 346 480 366 381 
122 437 255 346 317 135 327 66 350 451 140 335 106 
