12 17
29 37 35 38 43 39 27 45 33 30 28 389 
30 31 40 34 36 40 26 30 33 31 18 25 30 18 26 40 285 
317 307 273 354 248 480 71 344 83 387 148 95 102 449 238 319 80 
395 473 408 190 88 187 164 491 179 114 67 403 173 297 69 352 351 
486 268 145 364 111 374 125 242 304 321 168 462 391 316 284 429 108 
417 240 175 238 377 304 179 374 385 281 188 476 126 231 405 335 227 
153 363 454 240 201 144 134 191 456 130 112 167 288 153 339 393 268 
285 313 275 254 104 78 190 431 208 320 419 232 155 304 138 111 305 
50 311 216 496 294 376 457 93 257 187 457 83 306 218 83 477 272 
361 444 53 267 419 482 133 295 436 278 161 318 112 116 391 394 293 
184 120 481 437 377 63 275 182 260 451 85 389 368 289 378 85 495 
379 53 206 417 496 188 99 267 198 229 411 303 353 112 110 344 335 
213 107 61 336 290 81 108 342 368 264 112 52 264 162 79 342 474 
325 294 408 436 430 265 350 248 115 338 375 168 94 180 117 156 160 
